{
	"asset": {
		"generator": "VISUALIZEGLTF",
		"version" : "2.0"
	},
	"extensionsUsed": [ "KHR_draco_mesh_compression","KHR_texture_transform","KHR_materials_pbrSpecularGlossiness" ],
	"extensionsRequired": [ "KHR_draco_mesh_compression" ],
	"scenes": [
		{
			"name": "Default",
			"nodes": [
				0]
		}
	],
	"nodes": [
		{
			"children": [
				1
			]
			,"name": "根"		}
,
		{
			"children": [
				2, 4, 21, 24, 26, 28, 30, 34, 36, 38, 40, 44, 46, 48, 50, 52, 54, 56, 70, 72, 74, 76, 78, 80, 82, 85, 87, 90, 93, 96, 98, 100, 105, 107, 110, 113, 116, 118, 120, 124, 128, 130, 132, 134, 136, 138, 140, 144, 148, 150, 152, 154, 156, 170, 172, 174, 176, 178, 180, 182, 196, 198, 200, 202, 204, 206, 208, 210, 212, 214, 216, 218, 220, 222, 224, 226, 228, 231, 233, 236, 238, 241, 243, 246, 249, 251, 254, 257, 260, 263, 266, 269
			]
			,"name": "默认"		}
,
		{
			"children": [
				3
			]
			,"matrix": [
				1,					0,					0,					0,
				0,					1,					0,					0,
				0,					0,					1,					0,
				-1.467121,					-2.623081,					7.105427E-15,					1
			]
			,"name": "芳草溪调蓄池基础-1"		}
,
		{
			"mesh": 0
			,"name": "芳草溪调蓄池基础1"		}
,
		{
			"children": [
				5, 6, 7, 8, 9, 10, 11, 12, 13, 14, 15, 16, 17, 18, 19, 20
			]
			,"matrix": [
				1,					-6.982962E-15,					6.982962E-15,					0,
				6.982962E-15,					3.491481E-15,					-1,					0,
				6.982962E-15,					1,					3.491481E-15,					0,
				-1.467121,					5.076919,					4.091172E-14,					1
			]
			,"name": "基础盖板-2"		}
,
		{
			"mesh": 1
			,"name": "light concrete 2d-2"		}
,
		{
			"mesh": 2
			,"name": "earthenware"		}
,
		{
			"mesh": 3
			,"name": "earthenware-2"		}
,
		{
			"mesh": 4
			,"name": "satin finish stainless steel"		}
,
		{
			"mesh": 5
			,"name": "brushed steel"		}
,
		{
			"mesh": 6
			,"name": "satin finish stainless steel-2"		}
,
		{
			"mesh": 7
			,"name": "satin finish stainless steel-3"		}
,
		{
			"mesh": 8
			,"name": "satin finish stainless steel-4"		}
,
		{
			"mesh": 9
			,"name": "satin finish stainless steel-5"		}
,
		{
			"mesh": 10
			,"name": "satin finish stainless steel-6"		}
,
		{
			"mesh": 11
			,"name": "satin finish stainless steel-7"		}
,
		{
			"mesh": 12
			,"name": "satin finish stainless steel-8"		}
,
		{
			"mesh": 13
			,"name": "satin finish stainless steel-9"		}
,
		{
			"mesh": 14
			,"name": "satin finish stainless steel-10"		}
,
		{
			"mesh": 15
			,"name": "satin finish stainless steel-11"		}
,
		{
			"mesh": 16
			,"name": "satin finish stainless steel-12"		}
,
		{
			"children": [
				22
			]
			,"name": "水位-1"		}
,
		{
			"children": [
				23
			]
			,"mesh": 18
			,"name": "heavy ripple water"		}
,
		{
			"mesh": 17
			,"name": "heavy ripple water_clonedChild"		}
,
		{
			"children": [
				25
			]
			,"matrix": [
				-1.584757E-28,					6.982962E-15,					-1,					0,
				-1.745741E-14,					1,					6.982962E-15,					0,
				1,					1.745741E-14,					-3.657133E-29,					0,
				-1.470315,					-1.423081,					28.512,					1
			]
			,"name": "门框-1"		}
,
		{
			"mesh": 19
			,"name": "satin finish stainless steel-13"		}
,
		{
			"children": [
				27
			]
			,"matrix": [
				-1.584757E-28,					6.982962E-15,					-1,					0,
				-0.4883045,					0.8726733,					6.093845E-15,					0,
				0.8726733,					0.4883045,					3.409812E-15,					0,
				-1.402815,					-1.098081,					28.512,					1
			]
			,"name": "门板-2"		}
,
		{
			"mesh": 20
			,"name": "satin finish stainless steel-14"		}
,
		{
			"children": [
				29
			]
			,"matrix": [
				1,					0,					0,					0,
				0,					1,					0,					0,
				0,					0,					1,					0,
				35.38935,					-6.564551,					-29.89433,					1
			]
			,"name": "潜水泵-2"		}
,
		{
			"mesh": 21
			,"name": "color"		}
,
		{
			"children": [
				31, 32, 33
			]
			,"matrix": [
				1,					0,					0,					0,
				0,					0.9360548,					0.3518544,					0,
				0,					-0.3518544,					0.9360548,					0,
				38.97281,					6.224619,					-29.89403,					1
			]
			,"name": "可曲挠橡胶接头[DN300]-1"		}
,
		{
			"mesh": 22
			,"name": "satin finish stainless steel-15"		}
,
		{
			"mesh": 23
			,"name": "matte rubber"		}
,
		{
			"mesh": 24
			,"name": "satin finish stainless steel-16"		}
,
		{
			"children": [
				35
			]
			,"matrix": [
				-6.938894E-17,					0.9570011,					-0.290084,					0,
				-2.220446E-16,					-0.290084,					-0.9570011,					0,
				-1,					-9.540979E-18,					0,					0,
				36.19081,					-6.599231,					-29.89403,					1
			]
			,"name": "DN300 PN16平面法兰-1"		}
,
		{
			"mesh": 25
			,"name": "color-2"		}
,
		{
			"children": [
				37
			]
			,"matrix": [
				-1.585928E-16,					-0.8100629,					-0.5863431,					0,
				-1.743178E-16,					0.5863431,					-0.8100629,					0,
				1,					-2.626013E-17,					-2.341982E-16,					0,
				38.81081,					6.224619,					-29.89403,					1
			]
			,"name": "DN300 PN16平面法兰-2"		}
,
		{
			"mesh": 26
			,"name": "color-2[1]"		}
,
		{
			"children": [
				39
			]
			,"matrix": [
				-3.491481E-15,					0,					-1,					0,
				0,					1,					0,					0,
				1,					0,					-3.491481E-15,					0,
				39.42781,					6.224619,					-29.89403,					1
			]
			,"name": "旋启式止回阀[DN300-H44H-16C]-1"		}
,
		{
			"mesh": 27
			,"name": "polished aluminum"		}
,
		{
			"children": [
				41, 42, 43
			]
			,"matrix": [
				1,					0,					0,					0,
				0,					1,					0,					0,
				0,					0,					1,					0,
				40.00281,					6.224619,					-29.89403,					1
			]
			,"name": "法兰闸阀[DN300-Z41H-16C]-1"		}
,
		{
			"mesh": 28
			,"name": "color-3"		}
,
		{
			"mesh": 29
			,"name": "color-4"		}
,
		{
			"mesh": 30
			,"name": "cast iron"		}
,
		{
			"children": [
				45
			]
			,"matrix": [
				0,					0.7071068,					0.7071068,					0,
				0,					-0.7071068,					0.7071068,					0,
				1,					0,					0,					0,
				36.19081,					-6.599231,					-29.89403,					1
			]
			,"name": "12inSchedule160^Pipe_1-调蓄池总装-003-1"		}
,
		{
			"mesh": 31
			,"name": "satin finish stainless steel-17"		}
,
		{
			"children": [
				47
			]
			,"matrix": [
				-1.160096E-16,					0.9510172,					-0.3091379,					0,
				-3.035766E-18,					-0.3091379,					-0.9510172,					0,
				-1,					-1.024748E-16,					3.382711E-17,					0,
				40.28481,					6.224619,					-29.89403,					1
			]
			,"name": "DN300 PN16平面法兰-4"		}
,
		{
			"mesh": 32
			,"name": "color-2[2]"		}
,
		{
			"children": [
				49
			]
			,"matrix": [
				3.382711E-17,					-9.992007E-16,					1,					0,
				-1,					-1.024748E-16,					3.382711E-17,					0,
				1.024748E-16,					-1,					-9.992007E-16,					0,
				41.78481,					6.224619,					-28.39403,					1
			]
			,"name": "分集水器-1"		}
,
		{
			"mesh": 33
			,"name": "satin finish stainless steel-18"		}
,
		{
			"children": [
				51
			]
			,"matrix": [
				-1,					1.130823E-16,					2.775558E-16,					0,
				1.064433E-16,					1,					-5.601185E-17,					0,
				-2.706169E-16,					-5.402678E-17,					-1,					0,
				33.18033,					-5.223081,					-20.25001,					1
			]
			,"name": "潜水泵 - 喷射器-1"		}
,
		{
			"mesh": 34
			,"name": "color-5"		}
,
		{
			"children": [
				53
			]
			,"matrix": [
				-3.608225E-16,					-0.6016691,					-0.7987455,					0,
				-3.122502E-17,					0.7987455,					-0.6016691,					0,
				1,					-1.948311E-16,					-3.122502E-16,					0,
				32.69913,					-5.032581,					-20.25001,					1
			]
			,"name": "DN150 PN16平面法兰-1"		}
,
		{
			"mesh": 35
			,"name": "carbon steel"		}
,
		{
			"children": [
				55
			]
			,"matrix": [
				0,					0.7071068,					0.7071068,					0,
				0,					0.7071068,					-0.7071068,					0,
				-1,					0,					0,					0,
				32.69913,					-5.032581,					-20.25001,					1
			]
			,"name": "6inSchedule40^Pipe_2-调蓄池总装-001-1"		}
,
		{
			"mesh": 36
			,"name": "satin finish stainless steel-19"		}
,
		{
			"children": [
				57, 58
			]
			,"matrix": [
				-1.224647E-16,					-9.557079E-17,					1,					0,
				-9.557079E-17,					1,					9.557079E-17,					0,
				-1,					-9.557079E-17,					-1.224647E-16,					0,
				19.43285,					-1.123081,					-19.78494,					1
			]
			,"name": "喷射器体-1"		}
,
		{
			"mesh": 37
			,"name": "satin finish stainless steel-20"		}
,
		{
			"children": [
				59, 60, 64, 66, 68
			]
			,"matrix": [
				-0.3425937,					-3.274195E-17,					0.9394836,					0,
				-9.557079E-17,					1,					1.401298E-45,					0,
				-0.9394836,					-8.97872E-17,					-0.3425937,					0,
				0,					0.6924996,					0,					1
			]
			,"name": "喷射器管-1"		}
,
		{
			"mesh": 38
			,"name": "satin finish stainless steel-21"		}
,
		{
			"children": [
				61, 62
			]
			,"matrix": [
				0.8556129,					-0.5176165,					2.980232E-08,					0,
				0.5176165,					0.8556128,					0,					0,
				0,					8.554365E-16,					1,					0,
				1.047001,					0,					-0.3070011,					1
			]
			,"name": "喷射器管口-1"		}
,
		{
			"mesh": 39
			,"name": "satin finish stainless steel-22"		}
,
		{
			"children": [
				63
			]
			,"matrix": [
				-0.9999999,					4.470348E-08,					0,					0,
				-3.352761E-08,					-1,					0,					0,
				0,					0,					0.9999999,					0,
				0.2988148,					2.384186E-07,					-0.1969967,					1
			]
			,"name": "球-1"		}
,
		{
			"mesh": 40
			,"name": "球1"		}
,
		{
			"children": [
				65
			]
			,"matrix": [
				0.8962852,					0.4434784,					0,					0,
				-0.4434784,					0.8962851,					-1.490116E-08,					0,
				0,					-5.496753E-16,					1,					0,
				1.252684,					0.03952789,					-0.2650013,					1
			]
			,"name": "支架-1"		}
,
		{
			"mesh": 41
			,"name": "satin finish stainless steel-23"		}
,
		{
			"children": [
				67
			]
			,"matrix": [
				-0.9747344,					-0.2233675,					-2.980232E-08,					0,
				0,					-1.442038E-16,					1,					0,
				-0.2233676,					0.9747343,					-7.450581E-09,					0,
				0.6517715,					0.05650043,					-0.2570381,					1
			]
			,"name": "油缸筒-1"		}
,
		{
			"mesh": 42
			,"name": "satin finish stainless steel-24"		}
,
		{
			"children": [
				69
			]
			,"matrix": [
				0.9747344,					0.2233675,					2.980232E-08,					0,
				0,					-5.313046E-16,					-1,					0,
				-0.2233676,					0.9747343,					-7.450581E-09,					0,
				1.183945,					0.1784515,					-0.2570381,					1
			]
			,"name": "油缸杆-1"		}
,
		{
			"mesh": 43
			,"name": "satin finish stainless steel-25"		}
,
		{
			"children": [
				71
			]
			,"matrix": [
				3.542127E-16,					-2.706169E-16,					-1,					0,
				-8.338361E-16,					1,					0,					0,
				1,					8.344817E-16,					4.409283E-16,					0,
				-31.74966,					-1.423081,					5.797485,					1
			]
			,"name": "门框-1 2"		}
,
		{
			"mesh": 44
			,"name": "satin finish stainless steel-13[1]"		}
,
		{
			"children": [
				73
			]
			,"matrix": [
				3.542127E-16,					-2.706169E-16,					-1,					0,
				-0.4883045,					0.8726733,					-2.153073E-16,					0,
				0.8726733,					0.4883045,					3.847864E-16,					0,
				-31.68216,					-1.098081,					5.797485,					1
			]
			,"name": "门板-2 2"		}
,
		{
			"mesh": 45
			,"name": "satin finish stainless steel-14[1]"		}
,
		{
			"children": [
				75
			]
			,"matrix": [
				-5.508268E-17,					1.804112E-16,					-1,					0,
				-1.151556E-16,					1,					1.804112E-16,					0,
				1,					1.151556E-16,					-5.508268E-17,					0,
				-16.96303,					-1.423081,					-28.512,					1
			]
			,"name": "门框-1 3"		}
,
		{
			"mesh": 46
			,"name": "satin finish stainless steel-13[2]"		}
,
		{
			"children": [
				77
			]
			,"matrix": [
				-5.508268E-17,					1.804112E-16,					-1,					0,
				-0.4883045,					0.8726733,					1.843372E-16,					0,
				0.8726733,					0.4883045,					4.002643E-17,					0,
				-16.89552,					-1.098081,					-28.512,					1
			]
			,"name": "门板-2 3"		}
,
		{
			"mesh": 47
			,"name": "satin finish stainless steel-14[2]"		}
,
		{
			"children": [
				79
			]
			,"matrix": [
				-1,					-2.775558E-17,					2.992765E-16,					0,
				3.805851E-17,					0.9760187,					0.2176866,					0,
				-2.981415E-16,					0.2176866,					-0.9760187,					0,
				34.73587,					-3.898081,					25.4445,					1
			]
			,"name": "门板12-1"		}
,
		{
			"mesh": 48
			,"name": "polished steel"		}
,
		{
			"children": [
				81
			]
			,"matrix": [
				-1,					-2.775558E-17,					2.992765E-16,					0,
				-2.775558E-17,					1,					8.203709E-17,					0,
				-2.992765E-16,					8.203709E-17,					-1,					0,
				34.73587,					-4.223081,					25.512,					1
			]
			,"name": "门框12-2"		}
,
		{
			"mesh": 49
			,"name": "polished steel-2"		}
,
		{
			"children": [
				83, 84
			]
			,"matrix": [
				1,					0,					0,					0,
				0,					1,					0,					0,
				0,					0,					1,					0,
				33.20788,					4.317905,					21.287,					1
			]
			,"name": "闸门门板-1"		}
,
		{
			"mesh": 50
			,"name": "satin finish stainless steel-26"		}
,
		{
			"mesh": 51
			,"name": "green high gloss plastic"		}
,
		{
			"children": [
				86
			]
			,"matrix": [
				1,					0,					0,					0,
				0,					1,					0,					0,
				0,					0,					1,					0,
				33.20788,					2.481919,					21.287,					1
			]
			,"name": "闸门门板 - 副本-1"		}
,
		{
			"mesh": 52
			,"name": "satin finish stainless steel-27"		}
,
		{
			"children": [
				88, 89
			]
			,"matrix": [
				-3.491481E-15,					1.396592E-14,					-1,					0,
				4.876177E-29,					1,					1.396592E-14,					0,
				1,					0,					-3.491481E-15,					0,
				33.20788,					1.576919,					15.70827,					1
			]
			,"name": "格栅机-1"		}
,
		{
			"mesh": 53
			,"name": "green medium gloss plastic"		}
,
		{
			"mesh": 54
			,"name": "satin finish stainless steel-28"		}
,
		{
			"children": [
				91, 92
			]
			,"matrix": [
				-3.491481E-15,					0,					-1,					0,
				0,					1,					0,					0,
				1,					0,					-3.491481E-15,					0,
				31.32393,					8.876561,					15.98242,					1
			]
			,"name": "输送机二-1"		}
,
		{
			"mesh": 55
			,"name": "satin finish stainless steel-29"		}
,
		{
			"mesh": 56
			,"name": "green medium gloss plastic-2"		}
,
		{
			"children": [
				94, 95
			]
			,"matrix": [
				1,					0,					0,					0,
				0,					1,					0,					0,
				0,					0,					1,					0,
				40.00788,					4.317905,					21.287,					1
			]
			,"name": "闸门门板-1 2"		}
,
		{
			"mesh": 57
			,"name": "satin finish stainless steel-26[1]"		}
,
		{
			"mesh": 58
			,"name": "green high gloss plastic[1]"		}
,
		{
			"children": [
				97
			]
			,"matrix": [
				1,					0,					0,					0,
				0,					1,					0,					0,
				0,					0,					1,					0,
				40.00788,					2.481919,					21.287,					1
			]
			,"name": "闸门门板 - 副本-1 2"		}
,
		{
			"mesh": 59
			,"name": "satin finish stainless steel-27[1]"		}
,
		{
			"children": [
				99
			]
			,"matrix": [
				1,					0,					0,					0,
				0,					0,					-1,					0,
				0,					1,					0,					0,
				-1.467121,					8.436919,					7.105427E-15,					1
			]
			,"name": "零件9^调蓄池总装-1"		}
,
		{
			"mesh": 60
			,"name": "light concrete 2d-3"		}
,
		{
			"children": [
				101, 102, 103, 104
			]
			,"matrix": [
				1,					0,					0,					0,
				0,					1,					0,					0,
				0,					0,					1,					0,
				33.50788,					8.436919,					14.787,					1
			]
			,"name": "管理房-1"		}
,
		{
			"mesh": 61
			,"name": "color-7"		}
,
		{
			"mesh": 62
			,"name": "green low gloss plastic"		}
,
		{
			"mesh": 63
			,"name": "cream low gloss plastic"		}
,
		{
			"mesh": 64
			,"name": "earthenware-3"		}
,
		{
			"children": [
				106
			]
			,"matrix": [
				-1,					-9.035024E-17,					9.714451E-17,					0,
				-9.714451E-17,					-6.216913E-17,					-1,					0,
				9.035024E-17,					-1,					6.216913E-17,					0,
				35.23288,					6.836919,					-9.829633,					1
			]
			,"name": "风管-1"		}
,
		{
			"mesh": 65
			,"name": "satin finish stainless steel-30"		}
,
		{
			"children": [
				108, 109
			]
			,"matrix": [
				1,					0,					0,					0,
				0,					1,					0,					0,
				0,					0,					1,					0,
				11.35288,					8.336919,					-25.757,					1
			]
			,"name": "屋顶风机-1"		}
,
		{
			"mesh": 66
			,"name": "satin finish stainless steel-31"		}
,
		{
			"mesh": 67
			,"name": "green medium gloss plastic-3"		}
,
		{
			"children": [
				111, 112
			]
			,"matrix": [
				1,					0,					0,					0,
				0,					1,					0,					0,
				0,					0,					1,					0,
				35.59946,					9.180294,					-18.25463,					1
			]
			,"name": "离心风机-1"		}
,
		{
			"mesh": 68
			,"name": "satin finish stainless steel-32"		}
,
		{
			"mesh": 69
			,"name": "green high gloss plastic-2"		}
,
		{
			"children": [
				114, 115
			]
			,"matrix": [
				0,					-3.898846E-16,					1,					0,
				-2.907756E-16,					1,					3.898846E-16,					0,
				-1,					-2.907756E-16,					0,					0,
				36.23288,					9.636919,					-14.47963,					1
			]
			,"name": "离子子除臭-1"		}
,
		{
			"mesh": 70
			,"name": "green high gloss plastic-3"		}
,
		{
			"mesh": 71
			,"name": "satin finish stainless steel-33"		}
,
		{
			"children": [
				117
			]
			,"matrix": [
				1,					0,					0,					0,
				0,					1,					0,					0,
				0,					0,					1,					0,
				35.38935,					-6.564551,					-28.39433,					1
			]
			,"name": "潜水泵-3"		}
,
		{
			"mesh": 72
			,"name": "color[1]"		}
,
		{
			"children": [
				119
			]
			,"matrix": [
				1,					0,					0,					0,
				0,					1,					0,					0,
				0,					0,					1,					0,
				35.38935,					-6.564551,					-26.89433,					1
			]
			,"name": "潜水泵-4"		}
,
		{
			"mesh": 73
			,"name": "color[2]"		}
,
		{
			"children": [
				121, 122, 123
			]
			,"matrix": [
				1,					0,					0,					0,
				0,					0.9360548,					0.3518544,					0,
				0,					-0.3518544,					0.9360548,					0,
				38.97281,					6.224619,					-28.39403,					1
			]
			,"name": "可曲挠橡胶接头[DN300]-2"		}
,
		{
			"mesh": 74
			,"name": "satin finish stainless steel-15[1]"		}
,
		{
			"mesh": 75
			,"name": "matte rubber[1]"		}
,
		{
			"mesh": 76
			,"name": "satin finish stainless steel-16[1]"		}
,
		{
			"children": [
				125, 126, 127
			]
			,"matrix": [
				1,					0,					0,					0,
				0,					0.9360548,					0.3518544,					0,
				0,					-0.3518544,					0.9360548,					0,
				38.97281,					6.224619,					-26.89403,					1
			]
			,"name": "可曲挠橡胶接头[DN300]-3"		}
,
		{
			"mesh": 77
			,"name": "satin finish stainless steel-15[2]"		}
,
		{
			"mesh": 78
			,"name": "matte rubber[2]"		}
,
		{
			"mesh": 79
			,"name": "satin finish stainless steel-16[2]"		}
,
		{
			"children": [
				129
			]
			,"matrix": [
				-6.938894E-17,					0.9570011,					-0.290084,					0,
				-2.220446E-16,					-0.290084,					-0.9570011,					0,
				-1,					-9.540979E-18,					0,					0,
				36.19081,					-6.599231,					-28.39403,					1
			]
			,"name": "DN300 PN16平面法兰-5"		}
,
		{
			"mesh": 80
			,"name": "color-2[3]"		}
,
		{
			"children": [
				131
			]
			,"matrix": [
				-6.938894E-17,					0.9570011,					-0.290084,					0,
				-2.220446E-16,					-0.290084,					-0.9570011,					0,
				-1,					-9.540979E-18,					0,					0,
				36.19081,					-6.599231,					-26.89403,					1
			]
			,"name": "DN300 PN16平面法兰-6"		}
,
		{
			"mesh": 81
			,"name": "color-2[4]"		}
,
		{
			"children": [
				133
			]
			,"matrix": [
				-1.585928E-16,					-0.8100629,					-0.5863431,					0,
				-1.743178E-16,					0.5863431,					-0.8100629,					0,
				1,					-2.626013E-17,					-2.341982E-16,					0,
				38.81081,					6.224619,					-28.39403,					1
			]
			,"name": "DN300 PN16平面法兰-7"		}
,
		{
			"mesh": 82
			,"name": "color-2[5]"		}
,
		{
			"children": [
				135
			]
			,"matrix": [
				-1.585928E-16,					-0.8100629,					-0.5863431,					0,
				-1.743178E-16,					0.5863431,					-0.8100629,					0,
				1,					-2.626013E-17,					-2.341982E-16,					0,
				38.81081,					6.224619,					-26.89403,					1
			]
			,"name": "DN300 PN16平面法兰-8"		}
,
		{
			"mesh": 83
			,"name": "color-2[6]"		}
,
		{
			"children": [
				137
			]
			,"matrix": [
				-3.491481E-15,					0,					-1,					0,
				0,					1,					0,					0,
				1,					0,					-3.491481E-15,					0,
				39.42781,					6.224619,					-28.39403,					1
			]
			,"name": "旋启式止回阀[DN300-H44H-16C]-2"		}
,
		{
			"mesh": 84
			,"name": "polished aluminum[1]"		}
,
		{
			"children": [
				139
			]
			,"matrix": [
				-3.491481E-15,					0,					-1,					0,
				0,					1,					0,					0,
				1,					0,					-3.491481E-15,					0,
				39.42781,					6.224619,					-26.89403,					1
			]
			,"name": "旋启式止回阀[DN300-H44H-16C]-3"		}
,
		{
			"mesh": 85
			,"name": "polished aluminum[2]"		}
,
		{
			"children": [
				141, 142, 143
			]
			,"matrix": [
				1,					0,					0,					0,
				0,					1,					0,					0,
				0,					0,					1,					0,
				40.00281,					6.224619,					-28.39403,					1
			]
			,"name": "法兰闸阀[DN300-Z41H-16C]-2"		}
,
		{
			"mesh": 86
			,"name": "color-3[1]"		}
,
		{
			"mesh": 87
			,"name": "color-4[1]"		}
,
		{
			"mesh": 88
			,"name": "cast iron[1]"		}
,
		{
			"children": [
				145, 146, 147
			]
			,"matrix": [
				1,					0,					0,					0,
				0,					1,					0,					0,
				0,					0,					1,					0,
				40.00281,					6.224619,					-26.89403,					1
			]
			,"name": "法兰闸阀[DN300-Z41H-16C]-3"		}
,
		{
			"mesh": 89
			,"name": "color-3[2]"		}
,
		{
			"mesh": 90
			,"name": "color-4[2]"		}
,
		{
			"mesh": 91
			,"name": "cast iron[2]"		}
,
		{
			"children": [
				149
			]
			,"matrix": [
				0,					0.7071068,					0.7071068,					0,
				0,					-0.7071068,					0.7071068,					0,
				1,					0,					0,					0,
				36.19081,					-6.599231,					-28.39403,					1
			]
			,"name": "12inSchedule160^Pipe_1-调蓄池总装-003-1 2"		}
,
		{
			"mesh": 92
			,"name": "satin finish stainless steel-17[1]"		}
,
		{
			"children": [
				151
			]
			,"matrix": [
				0,					0.7071068,					0.7071068,					0,
				0,					-0.7071068,					0.7071068,					0,
				1,					0,					0,					0,
				36.19081,					-6.599231,					-26.89403,					1
			]
			,"name": "12inSchedule160^Pipe_1-调蓄池总装-003-1 3"		}
,
		{
			"mesh": 93
			,"name": "satin finish stainless steel-17[2]"		}
,
		{
			"children": [
				153
			]
			,"matrix": [
				-1.160096E-16,					0.9510172,					-0.3091379,					0,
				-3.035766E-18,					-0.3091379,					-0.9510172,					0,
				-1,					-1.024748E-16,					3.382711E-17,					0,
				40.28481,					6.224619,					-28.39403,					1
			]
			,"name": "DN300 PN16平面法兰-9"		}
,
		{
			"mesh": 94
			,"name": "color-2[7]"		}
,
		{
			"children": [
				155
			]
			,"matrix": [
				-1.160096E-16,					0.9510172,					-0.3091379,					0,
				-3.035766E-18,					-0.3091379,					-0.9510172,					0,
				-1,					-1.024748E-16,					3.382711E-17,					0,
				40.28481,					6.224619,					-26.89403,					1
			]
			,"name": "DN300 PN16平面法兰-10"		}
,
		{
			"mesh": 95
			,"name": "color-2[8]"		}
,
		{
			"children": [
				157, 158
			]
			,"matrix": [
				-1.224647E-16,					-9.557079E-17,					1,					0,
				-9.557079E-17,					1,					9.557079E-17,					0,
				-1,					-9.557079E-17,					-1.224647E-16,					0,
				19.43285,					-1.123081,					-2.348943,					1
			]
			,"name": "喷射器体-1 2"		}
,
		{
			"mesh": 96
			,"name": "satin finish stainless steel-20[1]"		}
,
		{
			"children": [
				159, 160, 164, 166, 168
			]
			,"matrix": [
				-0.3425937,					-3.274195E-17,					0.9394836,					0,
				-9.557079E-17,					1,					1.401298E-45,					0,
				-0.9394836,					-8.97872E-17,					-0.3425937,					0,
				0,					0.6924996,					0,					1
			]
			,"name": "喷射器管-1 2"		}
,
		{
			"mesh": 97
			,"name": "satin finish stainless steel-21[1]"		}
,
		{
			"children": [
				161, 162
			]
			,"matrix": [
				0.8556129,					-0.5176165,					2.980232E-08,					0,
				0.5176165,					0.8556128,					0,					0,
				0,					8.554365E-16,					1,					0,
				1.046999,					0,					-0.3070002,					1
			]
			,"name": "喷射器管口-1 2"		}
,
		{
			"mesh": 98
			,"name": "satin finish stainless steel-22[1]"		}
,
		{
			"children": [
				163
			]
			,"matrix": [
				-0.9999998,					8.568168E-08,					2.980232E-08,					0,
				-3.352761E-08,					-1,					0,					0,
				0,					0,					0.9999998,					0,
				0.2988129,					1.192093E-07,					-0.1969995,					1
			]
			,"name": "球-1 2"		}
,
		{
			"mesh": 99
			,"name": "球2"		}
,
		{
			"children": [
				165
			]
			,"matrix": [
				0.8962852,					0.4434784,					0,					0,
				-0.4434784,					0.8962851,					-1.490116E-08,					0,
				0,					-5.496753E-16,					1,					0,
				1.252684,					0.03952789,					-0.2649994,					1
			]
			,"name": "支架-1 2"		}
,
		{
			"mesh": 100
			,"name": "satin finish stainless steel-23[1]"		}
,
		{
			"children": [
				167
			]
			,"matrix": [
				-0.9747344,					-0.2233675,					-2.980232E-08,					0,
				0,					-1.442038E-16,					1,					0,
				-0.2233676,					0.9747343,					-7.450581E-09,					0,
				0.6517696,					0.05650043,					-0.2570381,					1
			]
			,"name": "油缸筒-1 2"		}
,
		{
			"mesh": 101
			,"name": "satin finish stainless steel-24[1]"		}
,
		{
			"children": [
				169
			]
			,"matrix": [
				0.9747344,					0.2233675,					2.980232E-08,					0,
				0,					-5.313046E-16,					-1,					0,
				-0.2233676,					0.9747343,					-7.450581E-09,					0,
				1.183943,					0.1784515,					-0.2570381,					1
			]
			,"name": "油缸杆-1 2"		}
,
		{
			"mesh": 102
			,"name": "satin finish stainless steel-25[1]"		}
,
		{
			"children": [
				171
			]
			,"matrix": [
				0,					0.7071068,					0.7071068,					0,
				0,					0.7071068,					-0.7071068,					0,
				-1,					0,					0,					0,
				32.69913,					-5.032581,					-2.814008,					1
			]
			,"name": "6inSchedule40^Pipe_2-调蓄池总装-001-1 2"		}
,
		{
			"mesh": 103
			,"name": "satin finish stainless steel-19[1]"		}
,
		{
			"children": [
				173
			]
			,"matrix": [
				-3.608225E-16,					-0.6016691,					-0.7987455,					0,
				-3.122502E-17,					0.7987455,					-0.6016691,					0,
				1,					-1.948311E-16,					-3.122502E-16,					0,
				32.69913,					-5.032581,					-2.814008,					1
			]
			,"name": "DN150 PN16平面法兰-2"		}
,
		{
			"mesh": 104
			,"name": "carbon steel[1]"		}
,
		{
			"children": [
				175
			]
			,"matrix": [
				-1,					1.130823E-16,					2.775558E-16,					0,
				1.064433E-16,					1,					-5.601185E-17,					0,
				-2.706169E-16,					-5.402678E-17,					-1,					0,
				33.18033,					-5.223081,					-2.814008,					1
			]
			,"name": "潜水泵 - 喷射器-2"		}
,
		{
			"mesh": 105
			,"name": "color-5[1]"		}
,
		{
			"children": [
				177
			]
			,"matrix": [
				-1,					1.130823E-16,					2.775558E-16,					0,
				1.064433E-16,					1,					-5.601185E-17,					0,
				-2.706169E-16,					-5.402678E-17,					-1,					0,
				33.18033,					-5.223081,					13.76499,					1
			]
			,"name": "潜水泵 - 喷射器-5"		}
,
		{
			"mesh": 106
			,"name": "color-5[2]"		}
,
		{
			"children": [
				179
			]
			,"matrix": [
				-3.608225E-16,					-0.6016691,					-0.7987455,					0,
				-3.122502E-17,					0.7987455,					-0.6016691,					0,
				1,					-1.948311E-16,					-3.122502E-16,					0,
				32.69913,					-5.032581,					13.76499,					1
			]
			,"name": "DN150 PN16平面法兰-5"		}
,
		{
			"mesh": 107
			,"name": "carbon steel[2]"		}
,
		{
			"children": [
				181
			]
			,"matrix": [
				0,					0.7071068,					0.7071068,					0,
				0,					0.7071068,					-0.7071068,					0,
				-1,					0,					0,					0,
				32.69913,					-5.032581,					13.76499,					1
			]
			,"name": "6inSchedule40^Pipe_2-调蓄池总装-001-1 3"		}
,
		{
			"mesh": 108
			,"name": "satin finish stainless steel-19[2]"		}
,
		{
			"children": [
				183, 184
			]
			,"matrix": [
				-1.224647E-16,					-9.557079E-17,					1,					0,
				-9.557079E-17,					1,					9.557079E-17,					0,
				-1,					-9.557079E-17,					-1.224647E-16,					0,
				19.43285,					-1.123081,					14.23006,					1
			]
			,"name": "喷射器体-1 3"		}
,
		{
			"mesh": 109
			,"name": "satin finish stainless steel-20[2]"		}
,
		{
			"children": [
				185, 186, 190, 192, 194
			]
			,"matrix": [
				-0.3425937,					-3.274195E-17,					0.9394836,					0,
				-9.557079E-17,					1,					1.401298E-45,					0,
				-0.9394836,					-8.97872E-17,					-0.3425937,					0,
				0,					0.6924996,					0,					1
			]
			,"name": "喷射器管-1 3"		}
,
		{
			"mesh": 110
			,"name": "satin finish stainless steel-21[2]"		}
,
		{
			"children": [
				187, 188
			]
			,"matrix": [
				0.8556129,					-0.5176165,					2.980232E-08,					0,
				0.5176165,					0.8556128,					0,					0,
				0,					8.554365E-16,					1,					0,
				1.046999,					0,					-0.3070006,					1
			]
			,"name": "喷射器管口-1 3"		}
,
		{
			"mesh": 111
			,"name": "satin finish stainless steel-22[2]"		}
,
		{
			"children": [
				189
			]
			,"matrix": [
				-0.9999998,					8.568168E-08,					2.980232E-08,					0,
				-3.352761E-08,					-1,					0,					0,
				0,					0,					0.9999998,					0,
				0.2988129,					0,					-0.1969991,					1
			]
			,"name": "球-1 3"		}
,
		{
			"mesh": 112
			,"name": "球3"		}
,
		{
			"children": [
				191
			]
			,"matrix": [
				0.8962852,					0.4434784,					0,					0,
				-0.4434784,					0.8962851,					-1.490116E-08,					0,
				0,					-5.496753E-16,					1,					0,
				1.252684,					0.03952789,					-0.2649999,					1
			]
			,"name": "支架-1 3"		}
,
		{
			"mesh": 113
			,"name": "satin finish stainless steel-23[2]"		}
,
		{
			"children": [
				193
			]
			,"matrix": [
				-0.9747344,					-0.2233675,					-2.980232E-08,					0,
				0,					-1.442038E-16,					1,					0,
				-0.2233676,					0.9747343,					-7.450581E-09,					0,
				0.6517715,					0.05650043,					-0.2570386,					1
			]
			,"name": "油缸筒-1 3"		}
,
		{
			"mesh": 114
			,"name": "satin finish stainless steel-24[2]"		}
,
		{
			"children": [
				195
			]
			,"matrix": [
				0.9747344,					0.2233675,					2.980232E-08,					0,
				0,					-5.313046E-16,					-1,					0,
				-0.2233676,					0.9747343,					-7.450581E-09,					0,
				1.183943,					0.1784515,					-0.2570376,					1
			]
			,"name": "油缸杆-1 3"		}
,
		{
			"mesh": 115
			,"name": "satin finish stainless steel-25[2]"		}
,
		{
			"children": [
				197
			]
			,"matrix": [
				-1.584757E-28,					6.982962E-15,					-1,					0,
				-1.745741E-14,					1,					6.982962E-15,					0,
				1,					1.745741E-14,					-3.657133E-29,					0,
				-10.05057,					-1.423081,					22.81383,					1
			]
			,"name": "门框-1 4"		}
,
		{
			"mesh": 116
			,"name": "satin finish stainless steel-13[3]"		}
,
		{
			"children": [
				199
			]
			,"matrix": [
				-1.584757E-28,					6.982962E-15,					-1,					0,
				-0.4883045,					0.8726733,					6.093845E-15,					0,
				0.8726733,					0.4883045,					3.409812E-15,					0,
				-9.983074,					-1.098081,					22.81383,					1
			]
			,"name": "门板-2 4"		}
,
		{
			"mesh": 117
			,"name": "satin finish stainless steel-14[3]"		}
,
		{
			"children": [
				201
			]
			,"matrix": [
				-1.584757E-28,					6.982962E-15,					-1,					0,
				-1.745741E-14,					1,					6.982962E-15,					0,
				1,					1.745741E-14,					-3.657133E-29,					0,
				-18.63083,					-1.423081,					17.11566,					1
			]
			,"name": "门框-1 5"		}
,
		{
			"mesh": 118
			,"name": "satin finish stainless steel-13[4]"		}
,
		{
			"children": [
				203
			]
			,"matrix": [
				-1.584757E-28,					6.982962E-15,					-1,					0,
				-0.4883045,					0.8726733,					6.093845E-15,					0,
				0.8726733,					0.4883045,					3.409812E-15,					0,
				-18.56333,					-1.098081,					17.11566,					1
			]
			,"name": "门板-2 5"		}
,
		{
			"mesh": 119
			,"name": "satin finish stainless steel-14[4]"		}
,
		{
			"children": [
				205
			]
			,"matrix": [
				-1.584757E-28,					6.982962E-15,					-1,					0,
				-1.745741E-14,					1,					6.982962E-15,					0,
				1,					1.745741E-14,					-3.657133E-29,					0,
				-27.21109,					-1.423081,					11.41748,					1
			]
			,"name": "门框-1 6"		}
,
		{
			"mesh": 120
			,"name": "satin finish stainless steel-13[5]"		}
,
		{
			"children": [
				207
			]
			,"matrix": [
				-1.584757E-28,					6.982962E-15,					-1,					0,
				-0.4883045,					0.8726733,					6.093845E-15,					0,
				0.8726733,					0.4883045,					3.409812E-15,					0,
				-27.14359,					-1.098081,					11.41748,					1
			]
			,"name": "门板-2 6"		}
,
		{
			"mesh": 121
			,"name": "satin finish stainless steel-14[5]"		}
,
		{
			"children": [
				209
			]
			,"matrix": [
				3.542127E-16,					-2.706169E-16,					-1,					0,
				-8.338361E-16,					1,					0,					0,
				1,					8.344817E-16,					4.409283E-16,					0,
				-31.74966,					-1.423081,					0.3564847,					1
			]
			,"name": "门框-1 7"		}
,
		{
			"mesh": 122
			,"name": "satin finish stainless steel-13[6]"		}
,
		{
			"children": [
				211
			]
			,"matrix": [
				3.542127E-16,					-2.706169E-16,					-1,					0,
				-0.4883045,					0.8726733,					-2.153073E-16,					0,
				0.8726733,					0.4883045,					3.847864E-16,					0,
				-31.68216,					-1.098081,					0.3564847,					1
			]
			,"name": "门板-2 7"		}
,
		{
			"mesh": 123
			,"name": "satin finish stainless steel-14[6]"		}
,
		{
			"children": [
				213
			]
			,"matrix": [
				3.542127E-16,					-2.706169E-16,					-1,					0,
				-8.338361E-16,					1,					0,					0,
				1,					8.344817E-16,					4.409283E-16,					0,
				-31.74966,					-1.423081,					-5.273515,					1
			]
			,"name": "门框-1 8"		}
,
		{
			"mesh": 124
			,"name": "satin finish stainless steel-13[7]"		}
,
		{
			"children": [
				215
			]
			,"matrix": [
				3.542127E-16,					-2.706169E-16,					-1,					0,
				-0.4883045,					0.8726733,					-2.153073E-16,					0,
				0.8726733,					0.4883045,					3.847864E-16,					0,
				-31.68216,					-1.098081,					-5.273515,					1
			]
			,"name": "门板-2 8"		}
,
		{
			"mesh": 125
			,"name": "satin finish stainless steel-14[7]"		}
,
		{
			"children": [
				217
			]
			,"matrix": [
				-5.508268E-17,					1.804112E-16,					-1,					0,
				-1.151556E-16,					1,					1.804112E-16,					0,
				1,					1.151556E-16,					-5.508268E-17,					0,
				-20.65969,					-1.423081,					-22.70001,					1
			]
			,"name": "门框-1 9"		}
,
		{
			"mesh": 126
			,"name": "satin finish stainless steel-13[8]"		}
,
		{
			"children": [
				219
			]
			,"matrix": [
				-5.508268E-17,					1.804112E-16,					-1,					0,
				-0.4883045,					0.8726733,					1.843372E-16,					0,
				0.8726733,					0.4883045,					4.002643E-17,					0,
				-20.59218,					-1.098081,					-22.70001,					1
			]
			,"name": "门板-2 9"		}
,
		{
			"mesh": 127
			,"name": "satin finish stainless steel-14[8]"		}
,
		{
			"children": [
				221
			]
			,"matrix": [
				-5.508268E-17,					1.804112E-16,					-1,					0,
				-1.151556E-16,					1,					1.804112E-16,					0,
				1,					1.151556E-16,					-5.508268E-17,					0,
				-24.35634,					-1.423081,					-16.88802,					1
			]
			,"name": "门框-1 10"		}
,
		{
			"mesh": 128
			,"name": "satin finish stainless steel-13[9]"		}
,
		{
			"children": [
				223
			]
			,"matrix": [
				-5.508268E-17,					1.804112E-16,					-1,					0,
				-0.4883045,					0.8726733,					1.843372E-16,					0,
				0.8726733,					0.4883045,					4.002643E-17,					0,
				-24.28884,					-1.098081,					-16.88802,					1
			]
			,"name": "门板-2 10"		}
,
		{
			"mesh": 129
			,"name": "satin finish stainless steel-14[9]"		}
,
		{
			"children": [
				225
			]
			,"matrix": [
				-5.508268E-17,					1.804112E-16,					-1,					0,
				-1.151556E-16,					1,					1.804112E-16,					0,
				1,					1.151556E-16,					-5.508268E-17,					0,
				-28.053,					-1.423081,					-11.07602,					1
			]
			,"name": "门框-1 11"		}
,
		{
			"mesh": 130
			,"name": "satin finish stainless steel-13[10]"		}
,
		{
			"children": [
				227
			]
			,"matrix": [
				-5.508268E-17,					1.804112E-16,					-1,					0,
				-0.4883045,					0.8726733,					1.843372E-16,					0,
				0.8726733,					0.4883045,					4.002643E-17,					0,
				-27.9855,					-1.098081,					-11.07602,					1
			]
			,"name": "门板-2 11"		}
,
		{
			"mesh": 131
			,"name": "satin finish stainless steel-14[10]"		}
,
		{
			"children": [
				229, 230
			]
			,"matrix": [
				1,					0,					0,					0,
				0,					1,					0,					0,
				0,					0,					1,					0,
				33.20788,					4.317905,					13.55,					1
			]
			,"name": "闸门门板-1 3"		}
,
		{
			"mesh": 132
			,"name": "satin finish stainless steel-26[2]"		}
,
		{
			"mesh": 133
			,"name": "green high gloss plastic[2]"		}
,
		{
			"children": [
				232
			]
			,"matrix": [
				1,					0,					0,					0,
				0,					1,					0,					0,
				0,					0,					1,					0,
				33.20788,					2.481919,					13.55,					1
			]
			,"name": "闸门门板 - 副本-1 3"		}
,
		{
			"mesh": 134
			,"name": "satin finish stainless steel-27[2]"		}
,
		{
			"children": [
				234, 235
			]
			,"matrix": [
				1,					0,					0,					0,
				0,					1,					0,					0,
				0,					0,					1,					0,
				36.25788,					4.317905,					21.287,					1
			]
			,"name": "闸门门板-1 4"		}
,
		{
			"mesh": 135
			,"name": "satin finish stainless steel-26[3]"		}
,
		{
			"mesh": 136
			,"name": "green high gloss plastic[3]"		}
,
		{
			"children": [
				237
			]
			,"matrix": [
				1,					0,					0,					0,
				0,					1,					0,					0,
				0,					0,					1,					0,
				36.25788,					2.481919,					21.287,					1
			]
			,"name": "闸门门板 - 副本-1 4"		}
,
		{
			"mesh": 137
			,"name": "satin finish stainless steel-27[3]"		}
,
		{
			"children": [
				239, 240
			]
			,"matrix": [
				1,					0,					0,					0,
				0,					1,					0,					0,
				0,					0,					1,					0,
				36.25788,					4.317905,					13.55,					1
			]
			,"name": "闸门门板-1 5"		}
,
		{
			"mesh": 138
			,"name": "satin finish stainless steel-26[4]"		}
,
		{
			"mesh": 139
			,"name": "green high gloss plastic[4]"		}
,
		{
			"children": [
				242
			]
			,"matrix": [
				1,					0,					0,					0,
				0,					1,					0,					0,
				0,					0,					1,					0,
				36.25788,					2.481919,					13.55,					1
			]
			,"name": "闸门门板 - 副本-1 5"		}
,
		{
			"mesh": 140
			,"name": "satin finish stainless steel-27[4]"		}
,
		{
			"children": [
				244, 245
			]
			,"matrix": [
				-3.491481E-15,					1.396592E-14,					-1,					0,
				4.876177E-29,					1,					1.396592E-14,					0,
				1,					0,					-3.491481E-15,					0,
				36.25788,					1.576919,					15.70827,					1
			]
			,"name": "格栅机-2"		}
,
		{
			"mesh": 141
			,"name": "green medium gloss plastic[1]"		}
,
		{
			"mesh": 142
			,"name": "satin finish stainless steel-28[1]"		}
,
		{
			"children": [
				247, 248
			]
			,"matrix": [
				1,					0,					0,					0,
				0,					1,					0,					0,
				0,					0,					1,					0,
				40.00788,					4.317905,					25.05,					1
			]
			,"name": "闸门门板-1 6"		}
,
		{
			"mesh": 143
			,"name": "satin finish stainless steel-26[5]"		}
,
		{
			"mesh": 144
			,"name": "green high gloss plastic[5]"		}
,
		{
			"children": [
				250
			]
			,"matrix": [
				1,					0,					0,					0,
				0,					1,					0,					0,
				0,					0,					1,					0,
				40.00788,					2.481919,					25.05,					1
			]
			,"name": "闸门门板 - 副本-1 6"		}
,
		{
			"mesh": 145
			,"name": "satin finish stainless steel-27[5]"		}
,
		{
			"children": [
				252, 253
			]
			,"matrix": [
				1,					0,					0,					0,
				0,					1,					0,					0,
				0,					0,					1,					0,
				-1.847121,					8.336919,					-25.757,					1
			]
			,"name": "屋顶风机-2"		}
,
		{
			"mesh": 146
			,"name": "satin finish stainless steel-31[1]"		}
,
		{
			"mesh": 147
			,"name": "green medium gloss plastic-3[1]"		}
,
		{
			"children": [
				255, 256
			]
			,"matrix": [
				1,					0,					0,					0,
				0,					1,					0,					0,
				0,					0,					1,					0,
				-15.04712,					8.336919,					-25.757,					1
			]
			,"name": "屋顶风机-3"		}
,
		{
			"mesh": 148
			,"name": "satin finish stainless steel-31[2]"		}
,
		{
			"mesh": 149
			,"name": "green medium gloss plastic-3[2]"		}
,
		{
			"children": [
				258, 259
			]
			,"matrix": [
				1,					0,					0,					0,
				0,					1,					0,					0,
				0,					0,					1,					0,
				11.35288,					8.336919,					-8.357,					1
			]
			,"name": "屋顶风机-4"		}
,
		{
			"mesh": 150
			,"name": "satin finish stainless steel-31[3]"		}
,
		{
			"mesh": 151
			,"name": "green medium gloss plastic-3[3]"		}
,
		{
			"children": [
				261, 262
			]
			,"matrix": [
				1,					0,					0,					0,
				0,					1,					0,					0,
				0,					0,					1,					0,
				-28.54712,					8.336919,					-8.357,					1
			]
			,"name": "屋顶风机-5"		}
,
		{
			"mesh": 152
			,"name": "satin finish stainless steel-31[4]"		}
,
		{
			"mesh": 153
			,"name": "green medium gloss plastic-3[4]"		}
,
		{
			"children": [
				264, 265
			]
			,"matrix": [
				1,					0,					0,					0,
				0,					1,					0,					0,
				0,					0,					1,					0,
				11.35288,					8.336919,					9.043,					1
			]
			,"name": "屋顶风机-6"		}
,
		{
			"mesh": 154
			,"name": "satin finish stainless steel-31[5]"		}
,
		{
			"mesh": 155
			,"name": "green medium gloss plastic-3[5]"		}
,
		{
			"children": [
				267, 268
			]
			,"matrix": [
				1,					0,					0,					0,
				0,					1,					0,					0,
				0,					0,					1,					0,
				-28.54712,					8.336919,					9.043,					1
			]
			,"name": "屋顶风机-7"		}
,
		{
			"mesh": 156
			,"name": "satin finish stainless steel-31[6]"		}
,
		{
			"mesh": 157
			,"name": "green medium gloss plastic-3[6]"		}
,
		{
			"children": [
				270, 271
			]
			,"matrix": [
